 Center of Gravity:
  0.000000000000000E+000  0.000000000000000E+000  0.000000000000000E+000
 Body Mass Matrix:
   0.16040E+04   0.00000E+00   0.00000E+00   0.00000E+00  -0.60123E+03  -0.37043E-13
   0.00000E+00   0.16040E+04   0.00000E+00   0.60123E+03   0.00000E+00   0.51477E-13
   0.00000E+00   0.00000E+00   0.16040E+04   0.37043E-13  -0.51477E-13   0.00000E+00
   0.00000E+00   0.60123E+03   0.37043E-13   0.86185E+03  -0.14322E-13   0.24425E-14
  -0.60123E+03   0.00000E+00  -0.51477E-13  -0.14322E-13   0.86185E+03  -0.24980E-14
  -0.37043E-13   0.51477E-13   0.00000E+00   0.24425E-14  -0.24980E-14   0.11931E+04
 External Damping Matrix:
   0.00000E+00   0.00000E+00   0.00000E+00   0.00000E+00   0.00000E+00   0.00000E+00
   0.00000E+00   0.00000E+00   0.00000E+00   0.00000E+00   0.00000E+00   0.00000E+00
   0.00000E+00   0.00000E+00   0.00000E+00   0.00000E+00   0.00000E+00   0.00000E+00
   0.00000E+00   0.00000E+00   0.00000E+00   0.00000E+00   0.00000E+00   0.00000E+00
   0.00000E+00   0.00000E+00   0.00000E+00   0.00000E+00   0.00000E+00   0.00000E+00
   0.00000E+00   0.00000E+00   0.00000E+00   0.00000E+00   0.00000E+00   0.00000E+00
 Hydrostatic Restoring Matrix:
   0.00000E+00   0.00000E+00   0.00000E+00   0.00000E+00   0.00000E+00   0.00000E+00
   0.00000E+00   0.00000E+00   0.00000E+00   0.00000E+00   0.00000E+00   0.00000E+00
   0.00000E+00   0.00000E+00   0.31462E+05   0.45338E-12   0.67571E-12   0.00000E+00
   0.00000E+00   0.00000E+00   0.45338E-12   0.97116E+04  -0.15694E-12   0.52228E-12
   0.00000E+00   0.00000E+00   0.67571E-12  -0.15694E-12   0.97116E+04   0.53473E-12
   0.00000E+00   0.00000E+00   0.00000E+00   0.00000E+00   0.00000E+00   0.00000E+00
 External Restoring Matrix:
   0.00000E+00   0.00000E+00   0.00000E+00   0.00000E+00   0.00000E+00   0.00000E+00
   0.00000E+00   0.00000E+00   0.00000E+00   0.00000E+00   0.00000E+00   0.00000E+00
   0.00000E+00   0.00000E+00   0.00000E+00   0.00000E+00   0.00000E+00   0.00000E+00
   0.00000E+00   0.00000E+00   0.00000E+00   0.00000E+00   0.00000E+00   0.00000E+00
   0.00000E+00   0.00000E+00   0.00000E+00   0.00000E+00   0.00000E+00   0.00000E+00
   0.00000E+00   0.00000E+00   0.00000E+00   0.00000E+00   0.00000E+00   0.00000E+00
